initializing

turn 1 :
P 11.803996 11.215721 0 37 3
P 9.319567 21.808874 1 100 5
P 14.288424 0.622569 2 100 5
P 11.865493 5.273785 0 81 3
P 11.742498 17.157658 0 81 3
P 4.254093 0.000000 0 22 1
P 19.353899 22.431443 0 22 1
P 14.743614 22.324001 0 83 3
P 8.864377 0.107441 0 83 3
P 19.854347 0.711934 0 84 1
P 3.753644 21.719509 0 84 1
P 8.864814 9.736624 0 12 5
P 14.743177 12.694819 0 12 5
P 0.000000 10.809889 0 59 2
P 23.607991 11.621554 0 59 2
P 20.396768 15.522861 0 59 3
P 3.211223 6.908581 0 59 3
P 17.028748 6.659769 0 4 2
P 6.579243 15.771674 0 4 2
P 0.782928 19.607505 0 55 1
P 22.825064 2.823937 0 55 1
P 2.601033 13.172383 0 58 3
P 21.006958 9.259059 0 58 3


turn 2 :
P 11.803996 11.215721 0 37 3
P 9.319567 21.808874 1 100 5
P 14.288424 0.622569 2 55 5
P 11.865493 5.273785 0 81 3
P 11.742498 17.157658 0 81 3
P 4.254093 0.000000 0 22 1
P 19.353899 22.431443 0 22 1
P 14.743614 22.324001 0 83 3
P 8.864377 0.107441 0 83 3
P 19.854347 0.711934 0 84 1
P 3.753644 21.719509 0 84 1
P 8.864814 9.736624 0 12 5
P 14.743177 12.694819 0 12 5
P 0.000000 10.809889 0 59 2
P 23.607991 11.621554 0 59 2
P 20.396768 15.522861 0 59 3
P 3.211223 6.908581 0 59 3
P 17.028748 6.659769 0 4 2
P 6.579243 15.771674 0 4 2
P 0.782928 19.607505 0 55 1
P 22.825064 2.823937 0 55 1
P 2.601033 13.172383 0 58 3
P 21.006958 9.259059 0 58 3
F 2 50 2 17 7 6
F 1 5 1 17 17 16


turn 3 :
P 11.803996 11.215721 0 37 3
P 9.319567 21.808874 1 92 5
P 14.288424 0.622569 2 60 5
P 11.865493 5.273785 0 81 3
P 11.742498 17.157658 0 81 3
P 4.254093 0.000000 0 22 1
P 19.353899 22.431443 0 22 1
P 14.743614 22.324001 0 83 3
P 8.864377 0.107441 0 83 3
P 19.854347 0.711934 0 84 1
P 3.753644 21.719509 0 84 1
P 8.864814 9.736624 0 12 5
P 14.743177 12.694819 0 12 5
P 0.000000 10.809889 0 59 2
P 23.607991 11.621554 0 59 2
P 20.396768 15.522861 0 59 3
P 3.211223 6.908581 0 59 3
P 17.028748 6.659769 0 4 2
P 6.579243 15.771674 0 4 2
P 0.782928 19.607505 0 55 1
P 22.825064 2.823937 0 55 1
P 2.601033 13.172383 0 58 3
P 21.006958 9.259059 0 58 3
F 2 50 2 17 7 5
F 1 5 1 17 17 15
F 1 13 1 11 13 12


turn 4 :
P 11.803996 11.215721 0 37 3
P 9.319567 21.808874 1 84 5
P 14.288424 0.622569 2 65 5
P 11.865493 5.273785 0 81 3
P 11.742498 17.157658 0 81 3
P 4.254093 0.000000 0 22 1
P 19.353899 22.431443 0 22 1
P 14.743614 22.324001 0 83 3
P 8.864377 0.107441 0 83 3
P 19.854347 0.711934 0 84 1
P 3.753644 21.719509 0 84 1
P 8.864814 9.736624 0 12 5
P 14.743177 12.694819 0 12 5
P 0.000000 10.809889 0 59 2
P 23.607991 11.621554 0 59 2
P 20.396768 15.522861 0 59 3
P 3.211223 6.908581 0 59 3
P 17.028748 6.659769 0 4 2
P 6.579243 15.771674 0 4 2
P 0.782928 19.607505 0 55 1
P 22.825064 2.823937 0 55 1
P 2.601033 13.172383 0 58 3
P 21.006958 9.259059 0 58 3
F 2 50 2 17 7 4
F 1 5 1 17 17 14
F 1 13 1 11 13 11
F 1 13 1 12 11 10


turn 5 :
P 11.803996 11.215721 0 37 3
P 9.319567 21.808874 1 84 5
P 14.288424 0.622569 2 70 5
P 11.865493 5.273785 0 81 3
P 11.742498 17.157658 0 81 3
P 4.254093 0.000000 0 22 1
P 19.353899 22.431443 0 22 1
P 14.743614 22.324001 0 83 3
P 8.864377 0.107441 0 83 3
P 19.854347 0.711934 0 84 1
P 3.753644 21.719509 0 84 1
P 8.864814 9.736624 0 12 5
P 14.743177 12.694819 0 12 5
P 0.000000 10.809889 0 59 2
P 23.607991 11.621554 0 59 2
P 20.396768 15.522861 0 59 3
P 3.211223 6.908581 0 59 3
P 17.028748 6.659769 0 4 2
P 6.579243 15.771674 0 4 2
P 0.782928 19.607505 0 55 1
P 22.825064 2.823937 0 55 1
P 2.601033 13.172383 0 58 3
P 21.006958 9.259059 0 58 3
F 2 50 2 17 7 3
F 1 5 1 17 17 13
F 1 13 1 11 13 10
F 1 13 1 12 11 9
F 1 5 1 18 7 6


turn 6 :
P 11.803996 11.215721 0 37 3
P 9.319567 21.808874 1 84 5
P 14.288424 0.622569 2 75 5
P 11.865493 5.273785 0 81 3
P 11.742498 17.157658 0 81 3
P 4.254093 0.000000 0 22 1
P 19.353899 22.431443 0 22 1
P 14.743614 22.324001 0 83 3
P 8.864377 0.107441 0 83 3
P 19.854347 0.711934 0 84 1
P 3.753644 21.719509 0 84 1
P 8.864814 9.736624 0 12 5
P 14.743177 12.694819 0 12 5
P 0.000000 10.809889 0 59 2
P 23.607991 11.621554 0 59 2
P 20.396768 15.522861 0 59 3
P 3.211223 6.908581 0 59 3
P 17.028748 6.659769 0 4 2
P 6.579243 15.771674 0 4 2
P 0.782928 19.607505 0 55 1
P 22.825064 2.823937 0 55 1
P 2.601033 13.172383 0 58 3
P 21.006958 9.259059 0 58 3
F 2 50 2 17 7 2
F 1 5 1 17 17 12
F 1 13 1 11 13 9
F 1 13 1 12 11 8
F 1 5 1 18 7 5
F 1 5 1 17 17 16


turn 7 :
P 11.803996 11.215721 0 37 3
P 9.319567 21.808874 1 84 5
P 14.288424 0.622569 2 80 5
P 11.865493 5.273785 0 81 3
P 11.742498 17.157658 0 81 3
P 4.254093 0.000000 0 22 1
P 19.353899 22.431443 0 22 1
P 14.743614 22.324001 0 83 3
P 8.864377 0.107441 0 83 3
P 19.854347 0.711934 0 84 1
P 3.753644 21.719509 0 84 1
P 8.864814 9.736624 0 12 5
P 14.743177 12.694819 0 12 5
P 0.000000 10.809889 0 59 2
P 23.607991 11.621554 0 59 2
P 20.396768 15.522861 0 59 3
P 3.211223 6.908581 0 59 3
P 17.028748 6.659769 0 4 2
P 6.579243 15.771674 0 4 2
P 0.782928 19.607505 0 55 1
P 22.825064 2.823937 0 55 1
P 2.601033 13.172383 0 58 3
P 21.006958 9.259059 0 58 3
F 2 50 2 17 7 1
F 1 5 1 17 17 11
F 1 13 1 11 13 8
F 1 13 1 12 11 7
F 1 5 1 18 7 4
F 1 5 1 17 17 15
F 1 5 1 17 17 16


turn 8 :
P 11.803996 11.215721 0 37 3
P 9.319567 21.808874 1 84 5
P 14.288424 0.622569 2 85 5
P 11.865493 5.273785 0 81 3
P 11.742498 17.157658 0 81 3
P 4.254093 0.000000 0 22 1
P 19.353899 22.431443 0 22 1
P 14.743614 22.324001 0 83 3
P 8.864377 0.107441 0 83 3
P 19.854347 0.711934 0 84 1
P 3.753644 21.719509 0 84 1
P 8.864814 9.736624 0 12 5
P 14.743177 12.694819 0 12 5
P 0.000000 10.809889 0 59 2
P 23.607991 11.621554 0 59 2
P 20.396768 15.522861 0 59 3
P 3.211223 6.908581 0 59 3
P 17.028748 6.659769 2 46 2
P 6.579243 15.771674 0 4 2
P 0.782928 19.607505 0 55 1
P 22.825064 2.823937 0 55 1
P 2.601033 13.172383 0 58 3
P 21.006958 9.259059 0 58 3
F 1 5 1 17 17 10
F 1 13 1 11 13 7
F 1 13 1 12 11 6
F 1 5 1 18 7 3
F 1 5 1 17 17 14
F 1 5 1 17 17 15
F 1 5 1 17 17 16

